[
	0.9171999990940094,
	2.623800013680011,
	1.21489999582991,
	1.2289000442251563,
	2.0040999515913427,
	1.3183000264689326,
	1.4990000054240227,
	1.6400999738834798,
	1.1644000187516212,
	1.5383000136353076,
	3.5499000223353505,
	1.1295999865978956,
	0.6142999627627432,
	1.9873000564984977,
	1.941499998793006,
	1.4027999714016914,
	0.6713999900966883,
	1.17790000513196,
	1.1471000034362078,
	1.0355000267736614,
	1.3423000345937908,
	3.586400009226054,
	0.6769000319764018,
	1.4485000283457339,
	1.1150999926030636,
	0.979200005531311,
	1.5113999834284186,
	1.355100015643984,
	1.7645999905653298,
	1.5672000008635223,
	1.6528000123798847,
	0.8434999617747962
]