[
	1.9443000201135874,
	2.4444000446237624,
	2.902099979110062,
	2.0466999849304557,
	2.515500003937632,
	1.3149000005796552,
	2.0229999790899456,
	1.6405999776907265,
	2.44020001264289,
	2.3350000265054405,
	2.1655000164173543,
	2.085000043734908,
	1.8572999979369342,
	2.113899972755462,
	2.07280000904575,
	2.520000038202852,
	3.633100015576929,
	2.199699985794723,
	2.867500006686896,
	2.344299980904907,
	3.0992000247351825,
	1.7253999831154943,
	1.338200003374368,
	3.8622000138275325,
	2.86100001540035,
	2.369199995882809,
	3.3245999948121607,
	3.640500013716519,
	2.2542999940924346,
	2.399899996817112,
	3.60920000821352,
	2.1539999870583415
]