[
	1.6693000000032043,
	1.586700000189012,
	1.571100000091974,
	1.7959000001646928,
	1.678200000016659,
	1.6547000000136904,
	1.7391999999745167,
	1.5888999998860527,
	1.5837000000756234,
	1.6051999998599058,
	1.9545000000071013,
	1.5809000001318054,
	1.8638999999820953,
	1.6817000000737607,
	1.5843000001041219,
	1.7029000000475207,
	1.730999999839696,
	1.7980999998690095,
	1.6100000000442378,
	1.6880999998829793,
	1.5564999998896383,
	1.5802999998850282,
	1.5650000000314321,
	1.7499999999126885,
	1.8397999999579042
]