[
	1.8393999998806976,
	1.909200000227429,
	1.8630999998094921,
	1.86320000012347,
	1.8436999998812098,
	1.7399000002988032,
	1.7465000000811415,
	1.6961999999766704,
	1.882000000026892,
	1.6538999998447252,
	1.6590000000142027,
	1.9959999999555293,
	1.6881000001303619,
	1.7565999996877508,
	1.9084000000439119,
	1.8205999999772757,
	1.6689999997761333,
	1.6949000000749948,
	1.7419999999256106,
	1.6793999998189975,
	1.6354999998002313,
	1.630200000363402,
	1.7044999999634456,
	1.7847999997611623,
	1.9805000001797453,
	1.7195999998948537,
	1.7001999999338295,
	1.6887000001734123,
	1.617699999769684,
	1.628799999714829,
	1.7892000000865664,
	2.866700000158744,
	1.7232000000367407,
	1.8829000000550877,
	1.6605999999155756,
	1.685199999861652,
	1.6885999998485204,
	1.8970999999437481,
	1.790199999930337,
	1.674800000328105,
	1.6460000001825392,
	1.9053999999305233,
	1.7510000002221204,
	1.9419000000343658,
	1.9089999995776452,
	1.6871999996365048,
	1.6609999997890554,
	1.7066999998642132,
	1.6970999999903142,
	1.7539999998989515,
	1.6852000003564171,
	1.7133999999496154,
	1.7100999998510815,
	1.6892999997362494,
	1.6979000002029352,
	1.6951000002445653,
	1.7497000003349967,
	1.669199999945704,
	1.6576999996323138,
	1.7348999999812804,
	1.7843999998876825,
	1.8227999999071471,
	1.9288999997079372,
	1.7176999999792315,
	1.6791000002995133,
	1.739100000122562,
	1.6442999999271706,
	1.6752999999444,
	1.7507000002078712,
	1.6801000001723878,
	1.6618000000016764,
	1.6688999999314547,
	1.6645000000717118,
	1.7115000000339933,
	1.681899999792222,
	1.700100000074599,
	1.7055999996955507,
	1.6454000001540408,
	1.7805000002263114,
	1.6850000001722947,
	1.6936000002315268,
	1.6566999997012317,
	2.163399999961257,
	2.100700000068173,
	1.7038999998476356,
	1.943100000033155,
	1.6323999997694045,
	1.887299999827519,
	1.7420999997993931,
	1.7787999999709427,
	1.7422000000951812,
	1.9407999998657033,
	1.669400000013411,
	1.6297000001650304,
	1.6761999999871477,
	1.7407000000821427,
	1.8584000000264496,
	1.684099999605678,
	1.6819999996805564,
	1.7809999999590218,
	1.73569999972824,
	1.745199999655597,
	1.8612999997567385,
	1.735100000165403,
	1.6790000000037253,
	1.6463000001385808,
	1.6543000000528991,
	1.7261000003200024,
	1.8626999999396503,
	1.6851999998325482,
	1.7879000002285466,
	1.773300000000745,
	1.6501999999163672,
	2.157300000428222,
	1.8734000000404194,
	1.6568999999435619,
	1.7169999995967373,
	1.6556000000564381,
	1.6776000002864748,
	1.8402000000933185,
	1.860599999781698,
	1.716600000159815,
	1.8982000001706183,
	1.7810000003082678,
	1.8718999999109656,
	1.8710999998729676,
	1.8516999998828396,
	1.6962000000057742
]