[
	1.7453000000386965,
	1.840500000071188,
	1.8184000000474043,
	1.85579999993206,
	1.735499999995227,
	1.8510999998397892,
	1.6473999999070656,
	1.674599999889324,
	1.7255999998742482,
	1.6206000000238419,
	1.6482000000905828,
	1.7219999999651918,
	1.6219000001437962,
	1.6528999999572989,
	1.658900000169524,
	1.6175999999250052,
	1.6584000000002561,
	1.8716999998141546,
	1.6540999999997439,
	1.5885000002599554,
	1.6811000000307104,
	1.6374000001669629,
	1.632200000123703,
	1.6762999998754822,
	1.6824999997916166,
	1.6418999998713844,
	1.887099999759812,
	1.6099999998114072,
	1.7367999998969026,
	1.88440000009723,
	1.729099999909522,
	1.765699999872595
]